# ASD wavelength axis, 350.0 - 2500.0 nm, 2151 channels (nm)
349.999990
351.000010
352.000000
352.999990
354.000000
354.999990
356.000010
356.999990
358.000010
359.000000
360.000010
361.000000
361.999990
363.000010
363.999990
365.000010
366.000000
367.000010
368.000000
368.999990
370.000000
370.999990
372.000010
373.000000
374.000010
375.000000
375.999990
377.000000
377.999990
379.000010
380.000000
381.000010
382.000000
382.999990
384.000000
384.999990
386.000010
386.999990
388.000010
389.000000
389.999990
391.000000
391.999990
393.000010
393.999990
395.000010
396.000000
397.000010
398.000000
398.999990
400.000010
400.999990
402.000010
403.000000
404.000010
405.000000
405.999990
407.000010
407.999990
409.000010
410.000000
411.000010
412.000000
412.999990
414.000000
414.999990
416.000010
417.000000
418.000010
419.000000
419.999990
421.000000
421.999990
423.000010
423.999990
425.000010
426.000000
426.999990
428.000000
428.999990
430.000010
430.999990
432.000010
433.000000
433.999990
435.000000
435.999990
437.000010
437.999990
439.000010
440.000000
441.000010
442.000000
442.999990
444.000010
444.999990
446.000010
447.000000
448.000010
449.000000
449.999990
451.000010
451.999990
453.000010
454.000000
455.000010
456.000000
456.999990
458.000000
458.999990
460.000010
461.000000
462.000010
463.000000
463.999990
465.000000
465.999990
467.000010
467.999990
469.000010
470.000000
470.999990
472.000000
472.999990
474.000010
474.999990
476.000010
477.000000
477.999990
479.000000
479.999990
481.000010
481.999990
483.000010
484.000000
485.000010
486.000000
486.999990
488.000010
488.999990
490.000010
491.000000
492.000010
493.000000
493.999990
495.000000
495.999990
497.000010
498.000000
499.000010
500.000000
500.999990
501.999970
503.000020
504.000010
505.000000
505.999980
507.000030
508.000020
509.000000
509.999990
510.999980
512.000020
513.000010
514.000000
514.999990
515.999970
517.000020
518.000010
518.999990
519.999980
521.000030
522.000010
523.000000
523.999990
524.999980
526.000020
527.000010
528.000000
528.999980
529.999970
531.000020
532.000010
532.999990
533.999980
535.000030
536.000010
537.000000
537.999990
538.999970
540.000020
541.000010
542.000000
542.999980
544.000030
545.000020
546.000000
546.999990
547.999980
549.000020
550.000010
551.000000
551.999990
552.999970
554.000020
555.000010
555.999990
556.999980
558.000030
559.000020
560.000000
560.999990
561.999980
563.000020
564.000010
565.000000
565.999980
566.999970
568.000020
569.000010
569.999990
570.999980
572.000030
573.000010
574.000000
574.999990
575.999980
577.000020
578.000010
579.000000
579.999980
580.999970
582.000020
583.000000
583.999990
584.999980
586.000030
587.000010
588.000000
588.999990
589.999970
591.000020
592.000010
592.999990
593.999980
595.000030
596.000020
597.000000
597.999990
598.999980
600.000020
601.000010
602.000000
602.999990
603.999970
605.000020
606.000010
606.999990
607.999980
609.000030
610.000010
611.000000
611.999990
612.999980
614.000020
615.000010
616.000000
616.999980
617.999970
619.000020
620.000000
620.999990
621.999980
623.000030
624.000010
625.000000
625.999990
626.999970
628.000020
629.000010
630.000000
630.999980
632.000030
633.000020
634.000000
634.999990
635.999980
637.000020
638.000010
639.000000
639.999990
640.999970
642.000020
643.000010
643.999990
644.999980
646.000030
647.000010
648.000000
648.999990
649.999980
651.000020
652.000010
653.000000
653.999980
654.999970
656.000020
657.000010
657.999990
658.999980
660.000030
661.000010
662.000000
662.999990
663.999970
665.000020
666.000010
667.000000
667.999980
669.000030
670.000020
671.000000
671.999990
672.999980
674.000020
675.000010
676.000000
676.999990
677.999970
679.000020
680.000010
680.999990
681.999980
683.000030
684.000020
685.000000
685.999990
686.999980
688.000020
689.000010
690.000000
690.999980
691.999970
693.000020
694.000010
694.999990
695.999980
697.000030
698.000010
699.000000
699.999990
700.999980
702.000020
703.000010
704.000000
704.999980
705.999970
707.000020
708.000000
708.999990
709.999980
711.000030
712.000010
713.000000
713.999990
714.999970
716.000020
717.000010
717.999990
718.999980
720.000030
721.000020
722.000000
722.999990
723.999980
725.000020
726.000010
727.000000
727.999990
728.999970
730.000020
731.000010
731.999990
732.999980
734.000030
735.000010
736.000000
736.999990
737.999980
739.000020
740.000010
741.000000
741.999980
742.999970
744.000020
745.000000
745.999990
746.999980
748.000030
749.000010
750.000000
750.999990
751.999970
753.000020
754.000010
755.000000
755.999980
757.000030
758.000020
759.000000
759.999990
760.999980
762.000020
763.000010
764.000000
764.999990
765.999970
767.000020
768.000010
768.999990
769.999980
771.000030
772.000010
773.000000
773.999990
774.999980
776.000020
777.000010
778.000000
778.999980
779.999970
781.000020
782.000010
782.999990
783.999980
785.000030
786.000010
787.000000
787.999990
788.999970
790.000020
791.000010
792.000000
792.999980
794.000030
795.000020
796.000000
796.999990
797.999980
799.000020
800.000010
801.000000
801.999990
802.999970
804.000020
805.000010
805.999990
806.999980
808.000030
809.000020
810.000000
810.999990
811.999980
813.000020
814.000010
815.000000
815.999980
816.999970
818.000020
819.000010
819.999990
820.999980
822.000030
823.000010
824.000000
824.999990
825.999980
827.000020
828.000010
829.000000
829.999980
830.999970
832.000020
833.000000
833.999990
834.999980
836.000030
837.000010
838.000000
838.999990
839.999970
841.000020
842.000010
842.999990
843.999980
845.000030
846.000020
847.000000
847.999990
848.999980
850.000020
851.000010
852.000000
852.999990
853.999970
855.000020
856.000010
856.999990
857.999980
859.000030
860.000010
861.000000
861.999990
862.999980
864.000020
865.000010
866.000000
866.999980
867.999970
869.000020
870.000000
870.999990
871.999980
873.000030
874.000010
875.000000
875.999990
876.999970
878.000020
879.000010
880.000000
880.999980
882.000030
883.000020
884.000000
884.999990
885.999980
887.000020
888.000010
889.000000
889.999990
890.999970
892.000020
893.000010
893.999990
894.999980
896.000030
897.000010
898.000000
898.999990
899.999980
901.000020
902.000010
903.000000
903.999980
904.999970
906.000020
907.000010
907.999990
908.999980
910.000030
911.000010
912.000000
912.999990
913.999970
915.000020
916.000010
917.000000
917.999980
919.000030
920.000020
921.000000
921.999990
922.999980
924.000020
925.000010
926.000000
926.999990
927.999970
929.000020
930.000010
930.999990
931.999980
933.000030
934.000020
935.000000
935.999990
936.999980
938.000020
939.000010
940.000000
940.999980
941.999970
943.000020
944.000010
944.999990
945.999980
947.000030
948.000010
949.000000
949.999990
950.999980
952.000020
953.000010
954.000000
954.999980
955.999970
957.000020
958.000000
958.999990
959.999980
961.000030
962.000010
963.000000
963.999990
964.999970
966.000020
967.000010
967.999990
968.999980
970.000030
971.000020
972.000000
972.999990
973.999980
975.000020
976.000010
977.000000
977.999990
978.999970
980.000020
981.000010
981.999990
982.999980
984.000030
985.000010
986.000000
986.999990
987.999980
989.000020
990.000010
991.000000
991.999980
992.999970
994.000020
995.000000
995.999990
996.999980
998.000030
999.000010
1000.000000
1001.000000
1002.000000
1003.000000
1003.999900
1005.000000
1006.000000
1007.000000
1008.000000
1008.999900
1010.000000
1011.000000
1012.000000
1013.000000
1014.000100
1015.000000
1016.000000
1017.000000
1018.000000
1019.000100
1020.000000
1021.000000
1022.000000
1023.000000
1024.000000
1025.000000
1026.000000
1027.000000
1028.000000
1029.000000
1030.000000
1031.000000
1031.999900
1033.000000
1034.000000
1035.000000
1036.000000
1036.999900
1038.000000
1039.000000
1040.000000
1041.000000
1042.000100
1043.000000
1044.000000
1045.000000
1046.000000
1047.000100
1048.000000
1049.000000
1050.000000
1051.000000
1052.000000
1053.000000
1054.000000
1054.999900
1056.000000
1057.000000
1058.000000
1059.000000
1059.999900
1061.000000
1062.000000
1063.000000
1064.000000
1065.000100
1066.000000
1067.000000
1068.000000
1069.000000
1070.000100
1071.000000
1072.000000
1073.000000
1074.000000
1075.000000
1076.000000
1077.000000
1077.999900
1079.000000
1080.000000
1081.000000
1082.000000
1082.999900
1084.000000
1085.000000
1086.000000
1087.000000
1088.000100
1089.000000
1090.000000
1091.000000
1092.000000
1093.000100
1094.000000
1095.000000
1096.000000
1097.000000
1098.000000
1099.000000
1100.000000
1101.000000
1102.000000
1103.000000
1104.000000
1105.000000
1105.999900
1107.000000
1108.000000
1109.000000
1110.000000
1110.999900
1112.000000
1113.000000
1114.000000
1115.000000
1116.000100
1117.000000
1118.000000
1119.000000
1120.000000
1121.000100
1122.000000
1123.000000
1124.000000
1125.000000
1126.000000
1127.000000
1128.000000
1128.999900
1130.000000
1131.000000
1132.000000
1133.000000
1133.999900
1135.000000
1136.000000
1137.000000
1138.000000
1139.000100
1140.000000
1141.000000
1142.000000
1143.000000
1144.000100
1145.000000
1146.000000
1147.000000
1148.000000
1149.000000
1150.000000
1151.000000
1152.000000
1153.000000
1154.000000
1155.000000
1156.000000
1156.999900
1158.000000
1159.000000
1160.000000
1161.000000
1161.999900
1163.000000
1164.000000
1165.000000
1166.000000
1167.000100
1168.000000
1169.000000
1170.000000
1171.000000
1172.000100
1173.000000
1174.000000
1175.000000
1176.000000
1177.000000
1178.000000
1179.000000
1179.999900
1181.000000
1182.000000
1183.000000
1184.000000
1184.999900
1186.000000
1187.000000
1188.000000
1189.000000
1190.000100
1191.000000
1192.000000
1193.000000
1194.000000
1195.000100
1196.000000
1197.000000
1198.000000
1199.000000
1200.000000
1201.000000
1202.000000
1202.999900
1204.000000
1205.000000
1206.000000
1207.000000
1207.999900
1209.000000
1210.000000
1211.000000
1212.000000
1213.000100
1214.000000
1215.000000
1216.000000
1217.000000
1218.000100
1219.000000
1220.000000
1221.000000
1222.000000
1223.000000
1224.000000
1225.000000
1226.000000
1227.000000
1228.000000
1229.000000
1230.000000
1230.999900
1232.000000
1233.000000
1234.000000
1235.000000
1235.999900
1237.000000
1238.000000
1239.000000
1240.000000
1241.000100
1242.000000
1243.000000
1244.000000
1245.000000
1246.000100
1247.000000
1248.000000
1249.000000
1250.000000
1251.000000
1252.000000
1253.000000
1253.999900
1255.000000
1256.000000
1257.000000
1258.000000
1258.999900
1260.000000
1261.000000
1262.000000
1263.000000
1264.000100
1265.000000
1266.000000
1267.000000
1268.000000
1269.000100
1270.000000
1271.000000
1272.000000
1273.000000
1274.000000
1275.000000
1276.000000
1277.000000
1278.000000
1279.000000
1280.000000
1281.000000
1281.999900
1283.000000
1284.000000
1285.000000
1286.000000
1286.999900
1288.000000
1289.000000
1290.000000
1291.000000
1292.000100
1293.000000
1294.000000
1295.000000
1296.000000
1297.000100
1298.000000
1299.000000
1300.000000
1301.000000
1302.000000
1303.000000
1304.000000
1304.999900
1306.000000
1307.000000
1308.000000
1309.000000
1309.999900
1311.000000
1312.000000
1313.000000
1314.000000
1315.000100
1316.000000
1317.000000
1318.000000
1319.000000
1320.000100
1321.000000
1322.000000
1323.000000
1324.000000
1325.000000
1326.000000
1327.000000
1327.999900
1329.000000
1330.000000
1331.000000
1332.000000
1332.999900
1334.000000
1335.000000
1336.000000
1337.000000
1338.000100
1339.000000
1340.000000
1341.000000
1342.000000
1343.000100
1344.000000
1345.000000
1346.000000
1347.000000
1348.000000
1349.000000
1350.000000
1351.000000
1352.000000
1353.000000
1354.000000
1355.000000
1355.999900
1357.000000
1358.000000
1359.000000
1360.000000
1360.999900
1362.000000
1363.000000
1364.000000
1365.000000
1366.000100
1367.000000
1368.000000
1369.000000
1370.000000
1371.000100
1372.000000
1373.000000
1374.000000
1375.000000
1376.000000
1377.000000
1378.000000
1378.999900
1380.000000
1381.000000
1382.000000
1383.000000
1383.999900
1385.000000
1386.000000
1387.000000
1388.000000
1389.000100
1390.000000
1391.000000
1392.000000
1393.000000
1394.000100
1395.000000
1396.000000
1397.000000
1398.000000
1399.000000
1400.000000
1401.000000
1402.000000
1403.000000
1404.000000
1405.000000
1406.000000
1406.999900
1408.000000
1409.000000
1410.000000
1411.000000
1411.999900
1413.000000
1414.000000
1415.000000
1416.000000
1417.000100
1418.000000
1419.000000
1420.000000
1421.000000
1422.000100
1423.000000
1424.000000
1425.000000
1426.000000
1427.000000
1428.000000
1429.000000
1429.999900
1431.000000
1432.000000
1433.000000
1434.000000
1434.999900
1436.000000
1437.000000
1438.000000
1439.000000
1440.000100
1441.000000
1442.000000
1443.000000
1444.000000
1445.000100
1446.000000
1447.000000
1448.000000
1449.000000
1450.000000
1451.000000
1452.000000
1452.999900
1454.000000
1455.000000
1456.000000
1457.000000
1457.999900
1459.000000
1460.000000
1461.000000
1462.000000
1463.000100
1464.000000
1465.000000
1466.000000
1467.000000
1468.000100
1469.000000
1470.000000
1471.000000
1472.000000
1473.000000
1474.000000
1475.000000
1476.000000
1477.000000
1478.000000
1479.000000
1480.000000
1480.999900
1482.000000
1483.000000
1484.000000
1485.000000
1485.999900
1487.000000
1488.000000
1489.000000
1490.000000
1491.000100
1492.000000
1493.000000
1494.000000
1495.000000
1496.000100
1497.000000
1498.000000
1499.000000
1500.000000
1501.000000
1502.000000
1503.000000
1503.999900
1505.000000
1506.000000
1507.000000
1508.000000
1508.999900
1510.000000
1511.000000
1512.000000
1513.000000
1514.000100
1515.000000
1516.000000
1517.000000
1518.000000
1519.000100
1520.000000
1521.000000
1522.000000
1523.000000
1524.000000
1525.000000
1526.000000
1527.000000
1528.000000
1529.000000
1530.000000
1531.000000
1531.999900
1533.000000
1534.000000
1535.000000
1536.000000
1536.999900
1538.000000
1539.000000
1540.000000
1541.000000
1542.000100
1543.000000
1544.000000
1545.000000
1546.000000
1547.000100
1548.000000
1549.000000
1550.000000
1551.000000
1552.000000
1553.000000
1554.000000
1554.999900
1556.000000
1557.000000
1558.000000
1559.000000
1559.999900
1561.000000
1562.000000
1563.000000
1564.000000
1565.000100
1566.000000
1567.000000
1568.000000
1569.000000
1570.000100
1571.000000
1572.000000
1573.000000
1574.000000
1575.000000
1576.000000
1577.000000
1577.999900
1579.000000
1580.000000
1581.000000
1582.000000
1582.999900
1584.000000
1585.000000
1586.000000
1587.000000
1588.000100
1589.000000
1590.000000
1591.000000
1592.000000
1593.000100
1594.000000
1595.000000
1596.000000
1597.000000
1598.000000
1599.000000
1600.000000
1601.000000
1602.000000
1603.000000
1604.000000
1605.000000
1605.999900
1607.000000
1608.000000
1609.000000
1610.000000
1610.999900
1612.000000
1613.000000
1614.000000
1615.000000
1616.000100
1617.000000
1618.000000
1619.000000
1620.000000
1621.000100
1622.000000
1623.000000
1624.000000
1625.000000
1626.000000
1627.000000
1628.000000
1628.999900
1630.000000
1631.000000
1632.000000
1633.000000
1633.999900
1635.000000
1636.000000
1637.000000
1638.000000
1639.000100
1640.000000
1641.000000
1642.000000
1643.000000
1644.000100
1645.000000
1646.000000
1647.000000
1648.000000
1649.000000
1650.000000
1651.000000
1652.000000
1653.000000
1654.000000
1655.000000
1656.000000
1656.999900
1658.000000
1659.000000
1660.000000
1661.000000
1661.999900
1663.000000
1664.000000
1665.000000
1666.000000
1667.000100
1668.000000
1669.000000
1670.000000
1671.000000
1672.000100
1673.000000
1674.000000
1675.000000
1676.000000
1677.000000
1678.000000
1679.000000
1679.999900
1681.000000
1682.000000
1683.000000
1684.000000
1684.999900
1686.000000
1687.000000
1688.000000
1689.000000
1690.000100
1691.000000
1692.000000
1693.000000
1694.000000
1695.000100
1696.000000
1697.000000
1698.000000
1699.000000
1700.000000
1701.000000
1702.000000
1702.999900
1704.000000
1705.000000
1706.000000
1707.000000
1707.999900
1709.000000
1710.000000
1711.000000
1712.000000
1713.000100
1714.000000
1715.000000
1716.000000
1717.000000
1718.000100
1719.000000
1720.000000
1721.000000
1722.000000
1723.000000
1724.000000
1725.000000
1726.000000
1727.000000
1728.000000
1729.000000
1730.000000
1730.999900
1732.000000
1733.000000
1734.000000
1735.000000
1735.999900
1737.000000
1738.000000
1739.000000
1740.000000
1741.000100
1742.000000
1743.000000
1744.000000
1745.000000
1746.000100
1747.000000
1748.000000
1749.000000
1750.000000
1751.000000
1752.000000
1753.000000
1753.999900
1755.000000
1756.000000
1757.000000
1758.000000
1758.999900
1760.000000
1761.000000
1762.000000
1763.000000
1764.000100
1765.000000
1766.000000
1767.000000
1768.000000
1769.000100
1770.000000
1771.000000
1772.000000
1773.000000
1774.000000
1775.000000
1776.000000
1777.000000
1778.000000
1779.000000
1780.000000
1781.000000
1781.999900
1783.000000
1784.000000
1785.000000
1786.000000
1786.999900
1788.000000
1789.000000
1790.000000
1791.000000
1792.000100
1793.000000
1794.000000
1795.000000
1796.000000
1797.000100
1798.000000
1799.000000
1800.000000
1801.000000
1802.000000
1803.000000
1804.000000
1804.999900
1806.000000
1807.000000
1808.000000
1809.000000
1809.999900
1811.000000
1812.000000
1813.000000
1814.000000
1815.000100
1816.000000
1817.000000
1818.000000
1819.000000
1820.000100
1821.000000
1822.000000
1823.000000
1824.000000
1825.000000
1826.000000
1827.000000
1827.999900
1829.000000
1830.000000
1831.000000
1832.000000
1832.999900
1834.000000
1835.000000
1836.000000
1837.000000
1838.000100
1839.000000
1840.000000
1841.000000
1842.000000
1843.000100
1844.000000
1845.000000
1846.000000
1847.000000
1848.000000
1849.000000
1850.000000
1851.000000
1852.000000
1853.000000
1854.000000
1855.000000
1855.999900
1857.000000
1858.000000
1859.000000
1860.000000
1860.999900
1862.000000
1863.000000
1864.000000
1865.000000
1866.000100
1867.000000
1868.000000
1869.000000
1870.000000
1871.000100
1872.000000
1873.000000
1874.000000
1875.000000
1876.000000
1877.000000
1878.000000
1878.999900
1880.000000
1881.000000
1882.000000
1883.000000
1883.999900
1885.000000
1886.000000
1887.000000
1888.000000
1889.000100
1890.000000
1891.000000
1892.000000
1893.000000
1894.000100
1895.000000
1896.000000
1897.000000
1898.000000
1899.000000
1900.000000
1901.000000
1902.000000
1903.000000
1904.000000
1905.000000
1906.000000
1906.999900
1908.000000
1909.000000
1910.000000
1911.000000
1911.999900
1913.000000
1914.000000
1915.000000
1916.000000
1917.000100
1918.000000
1919.000000
1920.000000
1921.000000
1922.000100
1923.000000
1924.000000
1925.000000
1926.000000
1927.000000
1928.000000
1929.000000
1929.999900
1931.000000
1932.000000
1933.000000
1934.000000
1934.999900
1936.000000
1937.000000
1938.000000
1939.000000
1940.000100
1941.000000
1942.000000
1943.000000
1944.000000
1945.000100
1946.000000
1947.000000
1948.000000
1949.000000
1950.000000
1951.000000
1952.000000
1952.999900
1954.000000
1955.000000
1956.000000
1957.000000
1957.999900
1959.000000
1960.000000
1961.000000
1962.000000
1963.000100
1964.000000
1965.000000
1966.000000
1967.000000
1968.000100
1969.000000
1970.000000
1971.000000
1972.000000
1973.000000
1974.000000
1975.000000
1976.000000
1977.000000
1978.000000
1979.000000
1980.000000
1980.999900
1982.000000
1983.000000
1984.000000
1985.000000
1985.999900
1987.000000
1988.000000
1989.000000
1990.000000
1991.000100
1992.000000
1993.000000
1994.000000
1995.000000
1996.000100
1997.000000
1998.000000
1999.000000
2000.000000
2000.999900
2002.000100
2003.000000
2003.999900
2005.000100
2006.000000
2007.000000
2007.999900
2009.000100
2010.000000
2010.999900
2012.000100
2013.000000
2013.999900
2015.000100
2016.000000
2017.000000
2017.999900
2019.000100
2020.000000
2020.999900
2022.000100
2023.000000
2023.999900
2025.000100
2026.000000
2027.000000
2028.000100
2029.000000
2030.000000
2030.999900
2032.000100
2033.000000
2033.999900
2035.000100
2036.000000
2036.999900
2038.000100
2039.000000
2040.000000
2040.999900
2042.000100
2043.000000
2043.999900
2045.000100
2046.000000
2046.999900
2048.000100
2049.000000
2050.000000
2051.000100
2052.000000
2053.000000
2053.999900
2055.000100
2056.000000
2056.999900
2058.000100
2059.000000
2059.999900
2061.000100
2062.000000
2063.000000
2063.999900
2065.000100
2066.000000
2066.999900
2068.000100
2069.000000
2069.999900
2071.000100
2072.000000
2073.000000
2073.999900
2075.000000
2076.000000
2076.999900
2078.000100
2079.000000
2079.999900
2081.000100
2082.000000
2082.999900
2084.000100
2085.000000
2086.000000
2086.999900
2088.000100
2089.000000
2089.999900
2091.000100
2092.000000
2092.999900
2094.000100
2095.000000
2096.000000
2096.999900
2098.000000
2099.000000
2099.999900
2101.000100
2102.000000
2102.999900
2104.000100
2105.000000
2105.999900
2107.000100
2108.000000
2109.000000
2109.999900
2111.000100
2112.000000
2112.999900
2114.000100
2115.000000
2115.999900
2117.000100
2118.000000
2119.000000
2119.999900
2121.000100
2122.000000
2122.999900
2124.000100
2125.000000
2125.999900
2127.000100
2128.000000
2128.999900
2130.000100
2131.000000
2132.000000
2132.999900
2134.000100
2135.000000
2135.999900
2137.000100
2138.000000
2138.999900
2140.000100
2141.000000
2142.000000
2142.999900
2144.000100
2145.000000
2145.999900
2147.000100
2148.000000
2148.999900
2150.000100
2151.000000
2152.000000
2153.000100
2154.000000
2155.000000
2155.999900
2157.000100
2158.000000
2158.999900
2160.000100
2161.000000
2161.999900
2163.000100
2164.000000
2165.000000
2165.999900
2167.000100
2168.000000
2168.999900
2170.000100
2171.000000
2171.999900
2173.000100
2174.000000
2175.000000
2176.000100
2177.000000
2178.000000
2178.999900
2180.000100
2181.000000
2181.999900
2183.000100
2184.000000
2184.999900
2186.000100
2187.000000
2188.000000
2188.999900
2190.000100
2191.000000
2191.999900
2193.000100
2194.000000
2194.999900
2196.000100
2197.000000
2198.000000
2198.999900
2200.000000
2201.000000
2201.999900
2203.000100
2204.000000
2204.999900
2206.000100
2207.000000
2207.999900
2209.000100
2210.000000
2211.000000
2211.999900
2213.000100
2214.000000
2214.999900
2216.000100
2217.000000
2217.999900
2219.000100
2220.000000
2221.000000
2221.999900
2223.000000
2224.000000
2224.999900
2226.000100
2227.000000
2227.999900
2229.000100
2230.000000
2230.999900
2232.000100
2233.000000
2234.000000
2234.999900
2236.000100
2237.000000
2237.999900
2239.000100
2240.000000
2240.999900
2242.000100
2243.000000
2244.000000
2244.999900
2246.000100
2247.000000
2247.999900
2249.000100
2250.000000
2250.999900
2252.000100
2253.000000
2253.999900
2255.000100
2256.000000
2257.000000
2257.999900
2259.000100
2260.000000
2260.999900
2262.000100
2263.000000
2263.999900
2265.000100
2266.000000
2267.000000
2267.999900
2269.000100
2270.000000
2270.999900
2272.000100
2273.000000
2273.999900
2275.000100
2276.000000
2277.000000
2278.000100
2279.000000
2280.000000
2280.999900
2282.000100
2283.000000
2283.999900
2285.000100
2286.000000
2286.999900
2288.000100
2289.000000
2290.000000
2290.999900
2292.000100
2293.000000
2293.999900
2295.000100
2296.000000
2296.999900
2298.000100
2299.000000
2300.000000
2301.000100
2302.000000
2303.000000
2303.999900
2305.000100
2306.000000
2306.999900
2308.000100
2309.000000
2309.999900
2311.000100
2312.000000
2313.000000
2313.999900
2315.000100
2316.000000
2316.999900
2318.000100
2319.000000
2319.999900
2321.000100
2322.000000
2323.000000
2323.999900
2325.000000
2326.000000
2326.999900
2328.000100
2329.000000
2329.999900
2331.000100
2332.000000
2332.999900
2334.000100
2335.000000
2336.000000
2336.999900
2338.000100
2339.000000
2339.999900
2341.000100
2342.000000
2342.999900
2344.000100
2345.000000
2346.000000
2346.999900
2348.000000
2349.000000
2349.999900
2351.000100
2352.000000
2352.999900
2354.000100
2355.000000
2355.999900
2357.000100
2358.000000
2359.000000
2359.999900
2361.000100
2362.000000
2362.999900
2364.000100
2365.000000
2365.999900
2367.000100
2368.000000
2369.000000
2369.999900
2371.000100
2372.000000
2372.999900
2374.000100
2375.000000
2375.999900
2377.000100
2378.000000
2378.999900
2380.000100
2381.000000
2382.000000
2382.999900
2384.000100
2385.000000
2385.999900
2387.000100
2388.000000
2388.999900
2390.000100
2391.000000
2392.000000
2392.999900
2394.000100
2395.000000
2395.999900
2397.000100
2398.000000
2398.999900
2400.000100
2401.000000
2402.000000
2403.000100
2404.000000
2405.000000
2405.999900
2407.000100
2408.000000
2408.999900
2410.000100
2411.000000
2411.999900
2413.000100
2414.000000
2415.000000
2415.999900
2417.000100
2418.000000
2418.999900
2420.000100
2421.000000
2421.999900
2423.000100
2424.000000
2425.000000
2426.000100
2427.000000
2428.000000
2428.999900
2430.000100
2431.000000
2431.999900
2433.000100
2434.000000
2434.999900
2436.000100
2437.000000
2438.000000
2438.999900
2440.000100
2441.000000
2441.999900
2443.000100
2444.000000
2444.999900
2446.000100
2447.000000
2448.000000
2448.999900
2450.000000
2451.000000
2451.999900
2453.000100
2454.000000
2454.999900
2456.000100
2457.000000
2457.999900
2459.000100
2460.000000
2461.000000
2461.999900
2463.000100
2464.000000
2464.999900
2466.000100
2467.000000
2467.999900
2469.000100
2470.000000
2471.000000
2471.999900
2473.000000
2474.000000
2474.999900
2476.000100
2477.000000
2477.999900
2479.000100
2480.000000
2480.999900
2482.000100
2483.000000
2484.000000
2484.999900
2486.000100
2487.000000
2487.999900
2489.000100
2490.000000
2490.999900
2492.000100
2493.000000
2494.000000
2494.999900
2496.000100
2497.000000
2497.999900
2499.000100
2500.000000
