# splib07 ASD FWHM for ASDFR, 2151 channels (nm)
8.650091
8.619490
8.588980
8.558560
8.528230
8.497990
8.467830
8.437769
8.407790
8.377900
8.348100
8.318390
8.288760
8.259229
8.229789
8.200430
8.171160
8.141980
8.112880
8.083881
8.054970
8.026140
7.997400
7.968750
7.940190
7.911719
7.883340
7.855040
7.826830
7.798720
7.770690
7.742740
7.714890
7.687130
7.659450
7.631870
7.604370
7.576960
7.549630
7.522400
7.495260
7.468200
7.441230
7.414350
7.387560
7.360860
7.334250
7.307720
7.281290
7.254940
7.228680
7.202510
7.176430
7.150430
7.124530
7.098710
7.072980
7.047340
7.021790
6.996330
6.970950
6.945670
6.920470
6.895360
6.870340
6.845410
6.820570
6.795810
6.771150
6.746570
6.722080
6.697680
6.673370
6.649150
6.625010
6.600960
6.577010
6.553140
6.529360
6.505660
6.482060
6.458550
6.435120
6.411780
6.388530
6.365370
6.342300
6.319310
6.296420
6.273610
6.250890
6.228260
6.205720
6.183270
6.160900
6.138630
6.116440
6.094340
6.072330
6.050410
6.028570
6.006830
5.985170
5.963600
5.942120
5.920730
5.899430
5.878220
5.857090
5.836060
5.815110
5.794250
5.773480
5.752800
5.732200
5.711690
5.691280
5.670950
5.650710
5.630560
5.610490
5.590520
5.570630
5.550840
5.531130
5.511510
5.491970
5.472530
5.453180
5.433910
5.414730
5.395640
5.376640
5.357730
5.338910
5.320170
5.301520
5.282970
5.264500
5.246120
5.227820
5.209620
5.191500
5.173480
5.155540
5.137690
5.119930
5.102250
5.084670
5.067170
5.049760
5.032450
5.015220
4.998070
4.981020
4.964060
4.947180
4.930390
4.913690
4.897080
4.880560
4.864120
4.847780
4.831520
4.815360
4.799280
4.783280
4.767380
4.751570
4.735840
4.720200
4.704650
4.689190
4.673820
4.658540
4.643350
4.628240
4.613220
4.598300
4.583450
4.568700
4.554040
4.539470
4.524980
4.510580
4.496270
4.482050
4.467920
4.453870
4.439920
4.426050
4.412270
4.398590
4.384980
4.371470
4.358040
4.344710
4.331460
4.318310
4.305230
4.292250
4.279360
4.266560
4.253840
4.241210
4.228670
4.216220
4.203860
4.191590
4.179400
4.167300
4.155300
4.143380
4.131550
4.119810
4.108150
4.096590
4.085110
4.073720
4.062420
4.051210
4.040090
4.029050
4.018110
4.007250
3.996480
3.985800
3.975210
3.964710
3.954290
3.943970
3.933730
3.923580
3.913520
3.903550
3.893670
3.883870
3.874170
3.864550
3.855020
3.845580
3.836230
3.826960
3.817790
3.808700
3.799700
3.790790
3.781970
3.773240
3.764590
3.756040
3.747570
3.739190
3.730900
3.722700
3.714590
3.706570
3.698630
3.690780
3.683020
3.675350
3.667770
3.660280
3.652870
3.645550
3.638320
3.631190
3.624140
3.617170
3.610300
3.603510
3.596820
3.590210
3.583690
3.577260
3.570920
3.564660
3.558500
3.552420
3.546430
3.540530
3.534720
3.529000
3.523360
3.517810
3.512360
3.506990
3.501710
3.496520
3.491410
3.486400
3.481470
3.476640
3.471890
3.467230
3.462660
3.458170
3.453780
3.449470
3.445250
3.441120
3.437080
3.433130
3.429260
3.425490
3.421800
3.418200
3.414690
3.411270
3.407930
3.404690
3.401540
3.398470
3.395490
3.392600
3.389800
3.387080
3.384460
3.381920
3.379470
3.377120
3.374850
3.372660
3.370570
3.368570
3.366650
3.364820
3.363080
3.361430
3.359870
3.358390
3.357010
3.355710
3.354500
3.353380
3.352350
3.351410
3.350550
3.349780
3.349110
3.348520
3.348020
3.347610
3.347280
3.347050
3.346900
3.346850
3.346880
3.346990
3.347210
3.347500
3.347890
3.348360
3.348920
3.349570
3.350310
3.351140
3.352050
3.353060
3.354150
3.355330
3.356600
3.357960
3.359410
3.360940
3.362570
3.364280
3.366080
3.367970
3.369950
3.372010
3.374170
3.376410
3.378740
3.381170
3.383680
3.386270
3.388960
3.391740
3.394600
3.397550
3.400590
3.403720
3.406940
3.410240
3.413640
3.417120
3.420690
3.424350
3.428100
3.431940
3.435860
3.439880
3.443980
3.448170
3.452450
3.456820
3.461280
3.465820
3.470460
3.475180
3.479990
3.484890
3.489880
3.494950
3.500110
3.505370
3.510710
3.516140
3.521660
3.527270
3.532960
3.538750
3.544620
3.550580
3.556630
3.562770
3.569000
3.575320
3.581720
3.588210
3.594790
3.601460
3.608220
3.615070
3.622000
3.629020
3.636140
3.643340
3.650630
3.658000
3.665470
3.673030
3.680670
3.688400
3.696220
3.704130
3.712130
3.720210
3.728390
3.736650
3.745000
3.753450
3.761970
3.770590
3.779290
3.788090
3.796970
3.805940
3.815000
3.824150
3.833390
3.842710
3.852130
3.861630
3.871220
3.880900
3.890670
3.900520
3.910470
3.920500
3.930620
3.940840
3.951130
3.961520
3.971990
3.982560
3.993210
4.003960
4.014790
4.025700
4.036710
4.047810
4.058990
4.070260
4.081620
4.093070
4.104610
4.116240
4.127960
4.139760
4.151650
4.163630
4.175700
4.187860
4.200100
4.212440
4.224860
4.237380
4.249980
4.262660
4.275450
4.288310
4.301260
4.314300
4.327430
4.340660
4.353970
4.367360
4.380850
4.394420
4.408090
4.421840
4.435680
4.449600
4.463620
4.477730
4.491920
4.506200
4.520570
4.535030
4.549580
4.564220
4.578940
4.593750
4.608660
4.623650
4.638730
4.653890
4.669150
4.684490
4.699930
4.715450
4.731060
4.746760
4.762550
4.778420
4.794390
4.810440
4.826580
4.842810
4.859130
4.875530
4.892030
4.908610
4.925290
4.942050
4.958900
4.975830
4.992860
5.009980
5.027180
5.044470
5.061850
5.079320
5.096880
5.114520
5.132260
5.150080
5.167990
5.185990
5.204080
5.222260
5.240520
5.258880
5.277320
5.295850
5.314470
5.333180
5.351970
5.370860
5.389840
5.408900
5.428050
5.447280
5.466620
5.486030
5.505540
5.525130
5.544810
5.564580
5.584440
5.604390
5.624420
5.644550
5.664760
5.685070
5.705460
5.725930
5.746500
5.767150
5.787900
5.808730
5.829650
5.850670
5.871770
5.892950
5.914220
5.935590
5.957040
5.978580
6.000210
6.021930
6.043730
6.065630
6.087610
6.109680
6.131840
6.154090
6.176430
6.198860
6.221370
6.243980
6.266670
6.289450
6.312320
6.335270
6.358320
6.381450
6.404680
6.427990
6.451390
6.474870
6.498450
6.522120
6.545870
6.569710
6.593640
6.617660
6.641770
6.665970
6.690250
6.714620
6.739090
6.763640
6.788280
6.813010
6.837820
6.862730
6.887720
6.912800
6.937970
6.963230
6.988580
7.014020
7.039540
7.065150
7.090850
7.116640
7.142520
7.168490
7.194540
7.220680
7.246920
7.273240
7.299640
7.326140
7.352730
7.379410
7.406170
7.433020
11.800000
11.800000
11.800000
11.800000
11.800000
11.800000
11.800000
11.800000
11.800000
11.800000
11.800000
11.800000
11.800000
11.800000
11.800000
11.800000
11.800000
11.800000
11.800000
11.800000
11.800000
11.800000
11.800000
11.800000
11.800000
11.800000
11.800000
11.800000
11.800000
11.800000
11.800000
11.800000
11.800000
11.800000
11.800000
11.800000
11.800000
11.800000
11.800000
11.800000
11.800000
11.800000
11.800000
11.800000
11.800000
11.800000
11.800000
11.800000
11.800000
11.800000
11.800000
11.800000
11.800000
11.800000
11.800000
11.800000
11.800000
11.800000
11.800000
11.800000
11.800000
11.800000
11.800000
11.800000
11.800000
11.800000
11.800000
11.800000
11.800000
11.800000
11.800000
11.800000
11.800000
11.800000
11.800000
11.800000
11.800000
11.800000
11.800000
11.800000
11.800000
11.800000
11.800000
11.800000
11.800000
11.800000
11.800000
11.800000
11.800000
11.800000
11.800000
11.800000
11.800000
11.800000
11.800000
11.800000
11.800000
11.800000
11.800000
11.800000
11.800000
11.800000
11.800000
11.800000
11.800000
11.800000
11.800000
11.800000
11.800000
11.800000
11.800000
11.800000
11.800000
11.800000
11.800000
11.800000
11.800000
11.800000
11.800000
11.800000
11.800000
11.800000
11.800000
11.800000
11.800000
11.800000
11.800000
11.800000
11.800000
11.800000
11.800000
11.800000
11.800000
11.800000
11.800000
11.800000
11.800000
11.800000
11.800000
11.800000
11.800000
11.800000
11.800000
11.800000
11.800000
11.800000
11.800000
11.800000
11.800000
11.800000
11.800000
11.800000
11.800000
11.800000
11.800000
11.800000
11.800000
11.800000
11.800000
11.800000
11.800000
11.800000
11.800000
11.800000
11.800000
11.800000
11.800000
11.800000
11.800000
11.800000
11.800000
11.800000
11.800000
11.800000
11.800000
11.800000
11.800000
11.800000
11.800000
11.800000
11.800000
11.800000
11.800000
11.800000
11.800000
11.800000
11.800000
11.800000
11.800000
11.800000
11.800000
11.800000
11.800000
11.800000
11.800000
11.800000
11.800000
11.800000
11.800000
11.800000
11.800000
11.800000
11.800000
11.800000
11.800000
11.800000
11.800000
11.800000
11.800000
11.800000
11.800000
11.800000
11.800000
11.800000
11.800000
11.800000
11.800000
11.800000
11.800000
11.800000
11.800000
11.800000
11.800000
11.800000
11.800000
11.800000
11.800000
11.800000
11.800000
11.800000
11.800000
11.800000
11.800000
11.800000
11.800000
11.800000
11.800000
11.800000
11.800000
11.800000
11.800000
11.800000
11.800000
11.800000
11.800000
11.800000
11.800000
11.800000
11.800000
11.800000
11.800000
11.800000
11.800000
11.800000
11.800000
11.800000
11.800000
11.800000
11.800000
11.800000
11.800000
11.800000
11.800000
11.800000
11.800000
11.800000
11.800000
11.800000
11.800000
11.800000
11.800000
11.800000
11.800000
11.800000
11.800000
11.800000
11.800000
11.800000
11.800000
11.800000
11.800000
11.800000
11.800000
11.800000
11.800000
11.800000
11.800000
11.800000
11.800000
11.800000
11.800000
11.800000
11.800000
11.800000
11.800000
11.800000
11.800000
11.800000
11.800000
11.800000
11.800000
11.800000
11.800000
11.800000
11.800000
11.800000
11.800000
11.800000
11.800000
11.800000
11.800000
11.800000
11.800000
11.800000
11.800000
11.800000
11.800000
11.800000
11.800000
11.800000
11.800000
11.800000
11.800000
11.800000
11.800000
11.800000
11.800000
11.800000
11.800000
11.800000
11.800000
11.800000
11.800000
11.800000
11.800000
11.800000
11.800000
11.800000
11.800000
11.800000
11.800000
11.800000
11.800000
11.800000
11.800000
11.800000
11.800000
11.800000
11.800000
11.800000
11.800000
11.800000
11.800000
11.800000
11.800000
11.800000
11.800000
11.800000
11.800000
11.800000
11.800000
11.800000
11.800000
11.800000
11.800000
11.800000
11.800000
11.800000
11.800000
11.800000
11.800000
11.800000
11.800000
11.800000
11.800000
11.800000
11.800000
11.800000
11.800000
11.800000
11.800000
11.800000
11.800000
11.800000
11.800000
11.800000
11.800000
11.800000
11.800000
11.800000
11.800000
11.800000
11.800000
11.800000
11.800000
11.800000
11.800000
11.800000
11.800000
11.800000
11.800000
11.800000
11.800000
11.800000
11.800000
11.800000
11.800000
11.800000
11.800000
11.800000
11.800000
11.800000
11.800000
11.800000
11.800000
11.800000
11.800000
11.800000
11.800000
11.800000
11.800000
11.800000
11.800000
11.800000
11.800000
11.800000
11.800000
11.800000
11.800000
11.800000
11.800000
11.800000
11.800000
11.800000
11.800000
11.800000
11.800000
11.800000
11.800000
11.800000
11.800000
11.800000
11.800000
11.800000
11.800000
11.800000
11.800000
11.800000
11.800000
11.800000
11.800000
11.800000
11.800000
11.800000
11.800000
11.800000
11.800000
11.800000
11.800000
11.800000
11.800000
11.800000
11.800000
11.800000
11.800000
11.800000
11.800000
11.800000
11.800000
11.800000
11.800000
11.800000
11.800000
11.800000
11.800000
11.800000
11.800000
11.800000
11.800000
11.800000
11.800000
11.800000
11.800000
11.800000
11.800000
11.800000
11.800000
11.800000
11.800000
11.800000
11.800000
11.800000
11.800000
11.800000
11.800000
11.800000
11.800000
11.800000
11.800000
11.800000
11.800000
11.800000
11.800000
11.800000
11.800000
11.800000
11.800000
11.800000
11.800000
11.800000
11.800000
11.800000
11.800000
11.800000
11.800000
11.800000
11.800000
11.800000
11.800000
11.800000
11.800000
11.800000
11.800000
11.800000
11.800000
11.800000
11.800000
11.800000
11.800000
11.800000
11.800000
11.800000
11.800000
11.800000
11.800000
11.800000
11.800000
11.800000
11.800000
11.800000
11.800000
11.800000
11.800000
11.800000
11.800000
11.800000
11.800000
11.800000
11.800000
11.800000
11.800000
11.800000
11.800000
11.800000
11.800000
11.800000
11.800000
11.800000
11.800000
11.800000
11.800000
11.800000
11.800000
11.800000
11.800000
11.800000
11.800000
11.800000
11.800000
11.800000
11.800000
11.800000
11.800000
11.800000
11.800000
11.800000
11.800000
11.800000
11.800000
11.800000
11.800000
11.800000
11.800000
11.800000
11.800000
11.800000
11.800000
11.800000
11.800000
11.800000
11.800000
11.800000
11.800000
11.800000
11.800000
11.800000
11.800000
11.800000
11.800000
11.800000
11.800000
11.800000
11.800000
11.800000
11.800000
11.800000
11.800000
11.800000
11.800000
11.800000
11.800000
11.800000
11.800000
11.800000
11.800000
11.800000
11.800000
11.800000
11.800000
11.800000
11.800000
11.800000
11.800000
11.800000
11.800000
11.800000
11.800000
11.800000
11.800000
11.800000
11.800000
11.800000
11.800000
11.800000
11.800000
11.800000
11.800000
11.800000
11.800000
11.800000
11.800000
11.800000
11.800000
11.800000
11.800000
11.800000
11.800000
11.800000
11.800000
11.800000
11.800000
11.800000
11.800000
11.800000
11.800000
11.800000
11.800000
11.800000
11.800000
11.800000
11.800000
11.800000
11.800000
11.800000
11.800000
11.800000
11.800000
11.800000
11.800000
11.800000
11.800000
11.800000
11.800000
11.800000
11.800000
11.800000
11.800000
11.800000
11.800000
11.800000
11.800000
11.800000
11.800000
11.800000
11.800000
11.800000
11.800000
11.800000
11.800000
11.800000
11.800000
11.800000
11.800000
11.800000
11.800000
11.800000
11.800000
11.800000
11.800000
11.800000
11.800000
11.800000
11.800000
11.800000
11.800000
11.800000
11.800000
11.800000
11.800000
11.800000
11.800000
11.800000
11.800000
11.800000
11.800000
11.800000
11.800000
11.800000
11.800000
11.800000
11.800000
11.800000
11.800000
11.800000
11.800000
11.800000
11.800000
11.800000
11.800000
11.800000
11.800000
11.800000
11.800000
11.800000
11.800000
11.800000
11.800000
11.800000
11.800000
11.800000
11.800000
11.800000
11.800000
11.800000
11.800000
11.800000
11.800000
11.800000
11.800000
11.800000
11.800000
11.800000
11.800000
11.800000
11.800000
11.800000
11.800000
11.800000
11.800000
11.800000
11.800000
11.800000
11.800000
11.800000
11.800000
11.800000
11.800000
11.800000
11.800000
11.800000
11.800000
11.800000
11.800000
11.800000
11.800000
11.800000
11.800000
11.800000
11.800000
11.800000
11.800000
11.800000
11.800000
11.800000
11.800000
11.800000
11.800000
11.800000
11.800000
11.800000
11.800000
11.800000
11.800000
11.800000
11.800000
11.800000
11.800000
11.800000
11.800000
11.800000
11.200000
11.200000
11.200000
11.200000
11.200000
11.200000
11.200000
11.200000
11.200000
11.200000
11.200000
11.200000
11.200000
11.200000
11.200000
11.200000
11.200000
11.200000
11.200000
11.200000
11.200000
11.200000
11.200000
11.200000
11.200000
11.200000
11.200000
11.200000
11.200000
11.200000
11.200000
11.200000
11.200000
11.200000
11.200000
11.200000
11.200000
11.200000
11.200000
11.200000
11.200000
11.200000
11.200000
11.200000
11.200000
11.200000
11.200000
11.200000
11.200000
11.200000
11.200000
11.200000
11.200000
11.200000
11.200000
11.200000
11.200000
11.200000
11.200000
11.200000
11.200000
11.200000
11.200000
11.200000
11.200000
11.200000
11.200000
11.200000
11.200000
11.200000
11.200000
11.200000
11.200000
11.200000
11.200000
11.200000
11.200000
11.200000
11.200000
11.200000
11.200000
11.200000
11.200000
11.200000
11.200000
11.200000
11.200000
11.200000
11.200000
11.200000
11.200000
11.200000
11.200000
11.200000
11.200000
11.200000
11.200000
11.200000
11.200000
11.200000
11.200000
11.200000
11.200000
11.200000
11.200000
11.200000
11.200000
11.200000
11.200000
11.200000
11.200000
11.200000
11.200000
11.200000
11.200000
11.200000
11.200000
11.200000
11.200000
11.200000
11.200000
11.200000
11.200000
11.200000
11.200000
11.200000
11.200000
11.200000
11.200000
11.200000
11.200000
11.200000
11.200000
11.200000
11.200000
11.200000
11.200000
11.200000
11.200000
11.200000
11.200000
11.200000
11.200000
11.200000
11.200000
11.200000
11.200000
11.200000
11.200000
11.200000
11.200000
11.200000
11.200000
11.200000
11.200000
11.200000
11.200000
11.200000
11.200000
11.200000
11.200000
11.200000
11.200000
11.200000
11.200000
11.200000
11.200000
11.200000
11.200000
11.200000
11.200000
11.200000
11.200000
11.200000
11.200000
11.200000
11.200000
11.200000
11.200000
11.200000
11.200000
11.200000
11.200000
11.200000
11.200000
11.200000
11.200000
11.200000
11.200000
11.200000
11.200000
11.200000
11.200000
11.200000
11.200000
11.200000
11.200000
11.200000
11.200000
11.200000
11.200000
11.200000
11.200000
11.200000
11.200000
11.200000
11.200000
11.200000
11.200000
11.200000
11.200000
11.200000
11.200000
11.200000
11.200000
11.200000
11.200000
11.200000
11.200000
11.200000
11.200000
11.200000
11.200000
11.200000
11.200000
11.200000
11.200000
11.200000
11.200000
11.200000
11.200000
11.200000
11.200000
11.200000
11.200000
11.200000
11.200000
11.200000
11.200000
11.200000
11.200000
11.200000
11.200000
11.200000
11.200000
11.200000
11.200000
11.200000
11.200000
11.200000
11.200000
11.200000
11.200000
11.200000
11.200000
11.200000
11.200000
11.200000
11.200000
11.200000
11.200000
11.200000
11.200000
11.200000
11.200000
11.200000
11.200000
11.200000
11.200000
11.200000
11.200000
11.200000
11.200000
11.200000
11.200000
11.200000
11.200000
11.200000
11.200000
11.200000
11.200000
11.200000
11.200000
11.200000
11.200000
11.200000
11.200000
11.200000
11.200000
11.200000
11.200000
11.200000
11.200000
11.200000
11.200000
11.200000
11.200000
11.200000
11.200000
11.200000
11.200000
11.200000
11.200000
11.200000
11.200000
11.200000
11.200000
11.200000
11.200000
11.200000
11.200000
11.200000
11.200000
11.200000
11.200000
11.200000
11.200000
11.200000
11.200000
11.200000
11.200000
11.200000
11.200000
11.200000
11.200000
11.200000
11.200000
11.200000
11.200000
11.200000
11.200000
11.200000
11.200000
11.200000
11.200000
11.200000
11.200000
11.200000
11.200000
11.200000
11.200000
11.200000
11.200000
11.200000
11.200000
11.200000
11.200000
11.200000
11.200000
11.200000
11.200000
11.200000
11.200000
11.200000
11.200000
11.200000
11.200000
11.200000
11.200000
11.200000
11.200000
11.200000
11.200000
11.200000
11.200000
11.200000
11.200000
11.200000
11.200000
11.200000
11.200000
11.200000
11.200000
11.200000
11.200000
11.200000
11.200000
11.200000
11.200000
11.200000
11.200000
11.200000
11.200000
11.200000
11.200000
11.200000
11.200000
11.200000
11.200000
11.200000
11.200000
11.200000
11.200000
11.200000
11.200000
11.200000
11.200000
11.200000
11.200000
11.200000
11.200000
11.200000
11.200000
11.200000
11.200000
11.200000
11.200000
11.200000
11.200000
11.200000
11.200000
11.200000
11.200000
11.200000
11.200000
11.200000
11.200000
11.200000
11.200000
11.200000
11.200000
11.200000
11.200000
11.200000
11.200000
11.200000
11.200000
11.200000
11.200000
11.200000
11.200000
11.200000
11.200000
11.200000
11.200000
11.200000
11.200000
11.200000
11.200000
11.200000
11.200000
11.200000
11.200000
11.200000
11.200000
11.200000
11.200000
11.200000
11.200000
11.200000
11.200000
11.200000
11.200000
11.200000
11.200000
11.200000
11.200000
11.200000
11.200000
11.200000
11.200000
11.200000
11.200000
11.200000
11.200000
11.200000
11.200000
11.200000
11.200000
11.200000
11.200000
11.200000
11.200000
11.200000
11.200000
11.200000
11.200000
11.200000
11.200000
11.200000
11.200000
11.200000
11.200000
11.200000
11.200000
11.200000
11.200000
11.200000
11.200000
11.200000
11.200000
11.200000
11.200000
11.200000
11.200000
11.200000
11.200000
11.200000
11.200000
11.200000
11.200000
11.200000
11.200000
11.200000
11.200000
11.200000
11.200000
11.200000
11.200000
11.200000
11.200000
11.200000
11.200000
11.200000
11.200000
11.200000
11.200000
11.200000
11.200000
11.200000
11.200000
11.200000
11.200000
11.200000
11.200000
11.200000
11.200000
11.200000
11.200000
11.200000
11.200000
11.200000
11.200000
11.200000
11.200000
11.200000
11.200000
11.200000
11.200000
11.200000
11.200000
11.200000
11.200000
11.200000
11.200000
11.200000
11.200000
11.200000
11.200000
11.200000
11.200000
11.200000
11.200000
11.200000
11.200000
11.200000
11.200000
11.200000
11.200000
11.200000
11.200000
11.200000
11.200000
11.200000
11.200000
11.200000
11.200000
11.200000
11.200000
11.200000
11.200000
11.200000
11.200000
11.200000
11.200000
11.200000
11.200000
11.200000
11.200000
11.200000
11.200000
11.200000
11.200000
11.200000
11.200000
11.200000
11.200000
11.200000
11.200000
11.200000
11.200000
11.200000
11.200000
11.200000
11.200000
11.200000
11.200000
11.200000
11.200000
11.200000
11.200000
11.200000
11.200000
11.200000
11.200000
11.200000
11.200000
11.200000
11.200000
11.200000
11.200000
11.200000
11.200000
11.200000
11.200000
11.200000
11.200000
11.200000
11.200000
11.200000
11.200000
11.200000
11.200000
11.200000
11.200000
11.200000
11.200000
11.200000
11.200000
11.200000
11.200000
11.200000
11.200000
11.200000
11.200000
11.200000
11.200000
11.200000
11.200000
11.200000
11.200000
11.200000
11.200000
11.200000
11.200000
11.200000
11.200000
11.200000
11.200000
11.200000
11.200000
11.200000
11.200000
11.200000
11.200000
11.200000
11.200000
11.200000
11.200000
11.200000
11.200000
11.200000
11.200000
11.200000
11.200000
11.200000
11.200000
11.200000
11.200000
11.200000
11.200000
11.200000
11.200000
11.200000
11.200000
11.200000
11.200000
11.200000
11.200000
11.200000
11.200000
11.200000
11.200000
11.200000
11.200000
11.200000
11.200000
11.200000
11.200000
11.200000
11.200000
11.200000
11.200000
11.200000
11.200000
11.200000
11.200000
11.200000
11.200000
11.200000
